0.1407 2.5081 -1.4345 -0.0898 0.0819 -0.2656 0.4411 0.3620 1.4046 -0.0341 0.4151 -1.5959 1.5288 -2.4035 -0.0988 -0.5903 -2.0792 0.9566 -0.4035 2.1143 0.3349 -0.6416 1.8727 -0.7882 -0.5802 0.0103 -0.8534 0.0153 1.2189 1.7160 3.2160 -2.4127 0.6880 -1.2549 0.2954 -0.7724 1.8925 1.9397 -0.3962 0.9360 -1.4251 -2.1169 0.8146 0.0374 0.0466 0.9152 -0.3793 1.1398 0.1363 -0.9639 
-0.5064 0.2010 -0.1600 0.6069 -0.0302 1.5313 -0.6824 1.2575 -0.8495 1.2352 -0.2730 0.5544 0.1315 -1.0395 0.3476 -0.8167 -1.6957 -0.3711 -0.2000 0.6716 0.5242 1.6511 0.6763 0.7310 -0.3417 -0.5761 -1.2333 -0.1102 1.1449 -0.5037 -0.7211 0.5817 0.9335 0.1758 -0.4515 0.3054 -0.7027 -0.4370 -0.8519 -0.3037 -1.1849 -0.4288 -1.0468 -0.0199 -0.2818 -0.7516 -0.7271 0.2185 -0.9611 0.8824 
-0.5338 -0.4109 0.2575 -1.0003 -0.8600 0.9494 -0.2447 0.0775 0.4551 -0.4474 -0.3799 0.8444 0.5409 0.7191 -1.0663 -1.1753 -0.2558 -0.7191 -0.8477 -0.1221 0.3872 -0.6093 0.0414 -0.1812 -0.6938 0.7762 -1.0402 -0.8250 0.9632 0.8874 -0.4216 -0.5144 -0.3118 0.5022 -0.1884 -1.0582 0.1797 -0.3845 0.3484 0.0881 0.5999 0.5827 -0.1297 -0.1935 0.1367 -0.2872 0.5655 -0.7797 -0.4689 -0.4472 
0.0758 2.1506 -0.6508 -1.5490 -0.3833 -1.1245 1.2779 -1.9588 -0.0235 -2.2074 1.4823 1.0035 -0.8449 -0.2661 -1.0515 -0.8757 1.0587 1.6373 -0.3238 0.3070 0.1919 2.6198 0.3721 1.0241 0.4526 -2.9679 0.2019 0.8355 -0.7048 -1.1517 1.3411 -2.4762 -1.1236 1.2898 0.6203 0.8821 -0.2301 -0.0100 1.5441 -0.0348 0.1948 -1.5156 0.1298 1.3034 1.4266 -0.9183 -0.7026 1.0396 -1.7851 -1.3363 
0.0827 -2.3782 -0.2150 -0.7598 1.2653 -2.2634 0.0800 0.5411 -2.1039 -0.1641 1.6742 -0.6689 -0.0689 -1.6398 -1.6143 1.2839 -1.5699 0.1410 1.4707 1.9058 1.0320 1.0995 0.2176 -0.5310 -0.3421 -0.0669 1.4284 0.3549 0.0989 -0.2628 -0.9361 -0.3191 1.4536 -0.7506 -0.5187 -1.2785 3.0381 1.6945 0.1380 -0.2035 -0.9331 -0.5847 0.7360 -0.6478 0.3249 0.5332 0.0300 1.0316 -0.0484 -1.2511 
-0.0904 1.1547 -0.9361 1.2062 -0.4125 1.1364 0.3251 0.2295 -0.3929 -0.6770 -0.3470 0.3600 -0.6135 -0.2814 -0.7984 0.5736 -0.7553 -0.7156 1.5444 -0.2901 -0.4751 -1.7891 -1.5501 0.2757 -0.3627 -1.1575 0.9148 -0.7055 -1.0496 -0.7017 -0.5098 -0.8220 0.4719 -0.6369 -0.7724 0.4613 -0.5960 0.7556 -0.6449 0.2155 0.3522 1.3928 -0.1395 -0.3162 -1.4054 -0.0144 -0.8528 -0.7770 -0.9114 1.5232 
-0.1367 0.3962 0.7859 -2.5604 -0.9598 -4.7807 -2.1080 -1.5695 0.4621 -3.2188 2.4956 1.8985 -2.2902 -1.0749 -0.5136 -1.7541 2.1201 1.5683 -1.0118 -0.3344 -0.5598 1.8398 -0.7999 -1.2798 1.2311 -0.8929 -0.8892 0.5554 -2.9568 -0.8328 0.0773 1.3770 -1.3768 1.9321 -1.6996 1.4361 0.2711 1.0911 0.2066 -0.4871 0.5372 1.5679 0.0084 0.4823 0.5761 -1.7632 -0.2685 -0.5504 1.9841 -2.6961 
-1.0635 -0.0934 -1.0237 0.6907 0.0217 0.2655 -0.5757 0.1441 -0.4231 2.3900 0.0666 0.6411 -0.3675 0.4182 -0.0017 -0.2829 1.0284 -0.1815 -0.3686 0.4570 -0.0179 2.7207 -2.0148 0.5582 -0.6019 -1.8541 -3.5907 0.2165 -1.1674 1.6695 -0.4399 0.7419 0.1413 -0.7422 -1.4203 -0.4577 1.1103 0.0051 -0.1174 -0.4811 -0.5585 1.4919 -0.3919 0.3049 -0.2770 -0.4154 -0.0282 -1.0426 -1.3052 0.6314 
1.0935 -0.6750 0.3422 -0.2357 0.8820 -0.3172 0.9841 -0.5154 -0.1818 -0.0274 0.6560 -3.3057 1.1157 -2.0835 -2.2144 1.2226 0.1291 -1.5512 0.9820 -0.4381 -0.3469 -1.5858 2.0649 0.8906 1.6476 1.6928 -0.6485 1.1810 1.2899 0.2543 0.7906 0.0286 -1.5779 -0.8379 1.8320 0.3769 5.1697 0.6188 1.1295 2.3646 -0.8076 1.8470 -0.4066 0.2789 -0.2158 -1.7016 -0.8146 0.2801 0.2558 0.4536 
0.6714 0.4058 -1.3235 -0.7903 2.4195 0.2706 -0.7444 1.2013 -0.0240 0.6303 0.6852 0.4208 -0.9108 -0.9512 2.5398 -0.3259 -2.4280 -1.6895 -0.1653 0.6558 -0.3711 2.1364 -0.0548 0.1023 -2.0419 -1.3600 0.5128 -0.1411 0.4348 0.6355 -0.4827 1.9642 -0.2755 -1.6142 -0.0580 -1.7107 0.3658 0.7376 0.1112 -0.2150 -2.1998 -0.6598 -0.0901 0.9016 -0.8463 0.0978 0.6917 0.6960 -1.4506 1.4920 
0.6236 -1.0662 -0.2726 -1.8920 -0.8638 -1.0703 -1.1071 0.0568 -0.4493 -1.6184 0.7494 -1.2925 0.8304 0.4567 -0.8109 -1.7160 0.7712 -1.1391 0.9841 -0.4272 -0.3701 -0.6402 -0.7778 1.8524 0.6396 -0.0776 -0.5718 -0.8927 0.1560 -0.8134 -0.8657 0.8935 0.2826 0.7688 -0.1532 -1.1825 -2.5671 -0.7798 1.1161 -1.0682 2.7733 1.2005 -0.0798 -0.0321 -1.0408 -0.1653 -0.5821 -1.2660 -0.8214 0.6842 
0.4705 -0.6641 0.4695 1.5819 0.8269 1.7165 -0.4034 1.5679 -2.3704 1.1147 -0.0656 -0.7563 0.3781 0.2055 0.5062 -0.2994 -1.0394 -0.8438 0.0835 -0.8638 0.7028 -0.2993 -0.5322 1.0326 -1.6377 1.6536 0.3646 -0.8151 -0.3585 -1.2367 1.2510 3.1095 1.3549 0.7858 2.0569 -0.0481 -1.3982 0.0476 -0.3375 -0.2941 1.0868 0.5417 0.2916 -0.3647 -0.8276 -0.9136 -0.7371 -0.6685 -1.3418 -1.5522 
0.4503 -0.4226 1.5310 0.2390 1.1052 -0.6993 -0.2610 0.0055 0.5449 -0.2250 1.1531 -0.1120 -1.6399 -0.2437 -1.0107 0.8865 0.0442 -0.3214 0.9767 -0.6267 0.9140 0.4161 -0.8796 -1.3512 -0.3464 -0.3175 -0.1836 -0.2049 -0.5726 0.3841 -0.0599 -0.2684 1.3585 0.8400 1.1875 -0.7815 -0.9666 0.3096 0.3227 -0.2698 0.8408 -0.0858 0.3165 0.6460 0.4265 -0.7554 -0.8520 -0.5067 -1.5941 -0.9152 
0.0481 -1.4812 -1.2365 -1.4518 -0.2954 0.6744 -1.4933 0.0981 -0.8200 -1.1996 0.2292 -0.1817 -0.7212 -1.3000 -1.0348 -0.3496 -0.8761 0.0105 0.2804 0.5881 1.0808 0.8372 -0.0886 -1.0345 0.6490 -1.0443 0.2459 0.0910 -0.1976 -0.8973 -0.0916 0.6544 0.4641 1.2738 -1.4855 0.7265 -1.0965 0.4542 -0.4986 -0.9402 -0.1275 -1.1293 -0.4402 0.2413 -1.2589 0.1537 -0.8249 -0.5610 -0.3451 -0.5487 
-0.1208 -0.2330 0.2516 -0.3263 -1.2782 -0.2189 -0.4986 0.4783 -0.9388 0.4476 -0.9349 0.4868 -0.1511 -1.2919 -0.7222 -0.8019 -0.9938 0.4078 -0.2026 0.2155 -0.3529 0.6876 -0.0093 1.1559 -0.3290 -0.0593 -0.8202 0.7858 0.9197 -0.4191 0.0812 1.2875 0.5483 -0.0932 -1.0132 0.4835 0.2004 0.4953 0.4669 -0.1021 -0.0522 0.1606 0.1501 -0.9337 -0.6609 -0.7885 -0.0051 -0.1124 0.1842 0.7130 
0.1524 1.0157 -0.9952 -0.3689 0.7712 1.0223 -0.9673 -0.3429 0.5127 -0.7142 -0.2842 -0.7027 -1.9987 0.2860 -0.8494 -0.4884 1.5946 1.1238 0.3843 0.6677 -1.1782 -0.3206 0.9681 -1.1685 0.1864 -1.1195 -1.1002 -0.5202 -0.1121 0.2219 0.3083 -1.6910 -1.0080 -0.2828 -0.1162 0.8142 0.8433 0.4862 0.2547 0.4783 0.0656 -0.6471 0.8417 -0.7949 -0.0025 0.4868 -0.9362 -0.1088 -0.2547 -0.0598 
-0.1176 -0.1042 -0.0456 0.6177 0.1836 -1.2626 0.3268 -0.5536 2.3075 0.1130 -1.0844 -1.8507 0.4141 -0.6674 -2.1425 0.1107 1.6924 -1.1698 0.6882 -0.1085 0.7422 -1.0082 0.1712 1.3272 -0.5161 0.7513 -0.1518 -0.6491 -0.5417 -0.5889 -0.5474 0.8281 -0.5366 0.1740 -0.2901 0.5021 -0.7141 1.1371 -1.0036 0.3731 -1.4316 0.2750 -0.7602 -1.1057 0.8435 -1.0840 -0.8124 -1.6636 -1.8293 0.4619 
0.3788 -0.9582 1.4196 -0.7204 -1.1187 -4.0070 -2.0299 -1.1818 -1.3016 -0.2771 2.3350 -0.8579 -1.4807 0.7780 1.3411 -0.9124 0.1638 1.4548 -2.7475 0.1163 0.0423 2.3747 -2.5394 1.5152 2.1749 0.0647 -0.7083 0.9003 -3.3610 2.2477 -1.1527 1.1728 -0.7186 1.9108 -2.2923 -0.1919 1.9081 -0.8007 2.0774 0.8039 0.7782 2.0173 0.8856 1.3680 0.3887 0.2859 -0.6826 -0.7932 1.6732 -3.8208 
-1.1984 -2.2319 -0.7339 0.8789 -0.5678 -1.4568 -1.1084 -0.3422 -2.3460 2.8242 0.2073 3.6118 -0.6797 -1.2161 2.7682 -0.5888 -0.5053 -1.2677 -1.1619 -1.3424 0.6357 3.1274 -0.4246 0.0393 -2.3062 1.1228 -2.2185 -0.3153 1.9761 0.7123 -1.9192 -0.2285 -2.3532 -2.3678 -0.1990 1.0764 1.6151 -0.4810 -1.9226 0.4586 -0.9242 3.7743 0.5736 0.3046 -0.8544 -0.9329 -0.5298 -1.2926 1.5262 0.5779 
0.5052 0.3898 0.7185 0.1549 -0.4104 0.0378 0.2638 0.6170 -0.7855 -2.0183 0.2537 0.7947 -0.8504 -0.8382 -0.7392 -1.1020 0.2694 -0.3462 0.9624 0.0492 -0.5140 -1.3815 -1.2737 0.9424 1.2308 -0.9241 -0.0976 -0.3008 -0.2775 0.4434 0.3324 -0.7161 -0.7247 0.7597 0.9150 -1.2009 -0.9321 -0.0391 -0.4547 0.0308 -0.6095 1.7772 1.2450 -0.1878 -0.7902 -0.2569 0.2895 -0.0406 -0.9255 1.0536 
-1.1467 0.3227 0.9112 -0.8959 -0.8180 -0.6183 -0.9586 0.0574 -0.1636 0.5033 1.5092 -0.6487 -0.4039 0.4090 -1.3227 -1.2293 2.3677 0.5435 0.9141 -0.5765 0.6688 -1.6402 -0.2126 -1.2753 0.0848 0.9744 -0.7965 0.4319 1.2082 0.5891 -0.7143 -1.7953 1.3415 0.5406 -0.0573 -0.1077 0.1901 1.7669 -0.7806 0.9406 1.0104 0.5629 -0.0770 0.4424 1.3329 -1.5704 0.6349 -1.2974 -0.1953 -0.2671 
-0.1535 -1.8209 1.3192 2.9702 -0.5905 -1.2228 -1.0071 0.0446 0.0673 1.9695 0.0239 -0.7285 -0.7746 -0.4683 -2.0372 -0.0541 0.8228 2.4714 1.5626 -0.0154 1.4040 -1.6816 -0.6560 0.2944 1.9147 1.9156 -0.5080 0.1912 -1.2082 -2.0082 1.4489 1.6716 0.9417 -1.7898 -0.8957 0.5786 1.7069 0.4210 -0.9079 1.2875 0.7745 2.0131 0.6854 0.3882 1.6661 1.6512 -0.0652 -0.4202 1.3340 -0.8126 
1.3662 -0.4384 0.2172 0.9925 1.1467 2.2227 -0.9466 1.6646 -2.0208 1.4826 0.3519 0.7494 -0.1786 -0.7237 -0.1117 -0.5779 -1.2951 -1.5444 -1.1697 -0.2194 -0.2929 0.3222 -0.3047 3.0640 -1.2091 0.9005 0.1756 -1.0540 0.9131 0.0006 0.0809 0.6943 0.8170 0.0309 0.2273 -1.4061 -0.4253 0.0527 0.0080 -0.2326 0.5451 0.3847 -0.8649 0.5762 -0.8700 0.3898 -0.8005 -1.2114 -0.9058 0.8914 
0.9002 -0.3530 -0.4461 -1.5129 -1.6564 -0.6406 -1.3463 -1.3483 0.6472 -1.7682 -0.4297 -0.3330 -0.8721 1.3480 -0.4311 -1.3710 1.0080 -1.7595 0.0017 0.0480 0.2926 -0.7118 0.9169 1.7835 3.0324 -0.2954 2.5442 -0.7344 -1.1551 -1.8797 -0.3740 -0.5552 1.3301 -1.3683 -0.2292 0.8084 1.8016 -0.1986 -1.7344 -0.8743 1.4969 -0.7709 -1.1626 0.2700 -2.7968 -1.0238 -0.6257 -0.4413 3.5659 -0.9764 
-1.2996 -0.9639 2.1665 0.4957 -0.0953 -2.5239 -0.5235 -0.5150 -1.5636 0.7397 -0.1954 -0.8310 -0.4659 0.5680 -0.3406 1.7466 -0.5624 -0.6042 -1.1857 -2.0573 -0.5426 -0.3961 -1.0788 -0.5028 -1.9204 1.5768 0.9206 0.9633 -0.3549 -1.9959 0.0490 0.2079 0.3069 1.7404 -0.4150 0.0963 0.0045 0.0116 -0.4187 0.5774 0.3788 1.3543 -0.4122 -0.8382 2.0728 -2.0255 -0.4123 -0.0651 -2.3931 -0.9493 
2.7072 0.5938 0.8319 -2.1347 -0.1771 -2.1629 0.3244 -0.4342 -0.9112 -0.2067 -0.3985 0.8979 -1.2743 0.8295 -1.9670 -0.3358 -0.5720 -0.6837 -1.9102 -1.0212 0.6598 -2.9538 1.7257 1.5591 -1.2080 0.3870 0.4397 0.7263 1.2824 2.1156 0.0482 0.4825 0.7855 -0.5895 0.1898 -0.4489 1.6684 -0.3157 1.3072 -0.6889 -0.8697 -2.0172 0.6271 0.6304 -1.6545 -0.8276 0.7939 0.6468 0.6221 -0.4504 
-1.1322 0.8749 -0.8705 -1.7286 -1.5011 -0.7359 0.6149 -0.5814 0.2771 1.2290 0.0916 2.4961 0.0789 -1.5696 1.5322 -0.1429 2.8223 1.8187 0.5766 0.5561 0.0432 -0.7196 -0.1542 -1.7904 0.1538 -0.9684 0.1122 -1.7689 1.1528 0.7183 -0.1063 -3.4367 -1.9587 0.3784 -1.1262 -0.2351 0.6691 -0.4074 0.2069 -1.1854 -0.3336 -1.4444 0.0875 -0.2715 -1.4479 0.9237 -0.3062 0.2294 2.2359 -0.1020 
-0.4702 -0.9956 -0.6932 -0.9423 -0.5763 -0.0843 1.6595 0.9487 0.2828 1.3367 0.7763 -0.1300 -0.2384 -0.6197 -0.1048 -2.1140 1.7043 -1.1434 0.6176 0.3316 0.9107 0.6533 0.4458 -1.2428 1.1995 0.1564 -1.7602 1.4104 0.0086 -1.6193 0.5669 -0.7898 -1.1934 1.5002 -0.2447 1.3880 -2.2311 1.8822 1.3519 0.1766 -0.5131 1.2959 0.2662 0.0577 1.8520 0.6280 0.7346 0.4973 -0.6961 2.4428 
0.3742 1.8530 -0.3669 -2.4994 0.9086 -0.0952 -1.1341 -0.5133 0.0340 -0.8352 0.6644 2.1963 -1.9736 -0.4940 1.2265 -0.3921 -2.3127 -1.0329 0.6226 -0.4733 -0.6363 2.8989 0.0281 -0.2804 0.5344 -1.3744 2.3056 1.3845 -0.8451 1.1489 -0.9936 -0.0661 -0.0865 0.4594 -0.7810 -1.8539 -1.5382 0.9946 -1.3543 -0.5005 -0.8934 -0.4267 -0.1013 1.0129 -0.1957 -1.2778 0.6742 -0.7570 -1.6380 -0.7584 
-0.2390 -0.0792 -0.5372 -1.5904 -1.7298 -0.5356 -1.9915 1.1476 -1.3363 -2.5799 -1.6139 2.1325 0.3658 2.6109 1.7847 -1.1833 -0.9571 -1.9081 -2.4243 -0.8572 -1.0655 1.4823 0.2288 -1.3236 -0.2884 2.7920 0.4690 1.2513 -3.9741 5.0436 -2.0534 -1.1099 -1.2947 0.8856 0.3459 1.6561 2.3474 -3.6225 -1.2900 -0.1352 -0.6624 -2.0155 -1.3207 -0.5211 -0.2285 -2.1403 -0.2592 -0.8303 0.2483 -0.3476 
0.1894 -0.7899 0.1390 -2.0142 0.0699 -1.1733 0.7498 0.3327 -0.1504 -0.4728 0.2965 -1.4794 -1.1442 -0.3694 1.7909 2.3970 0.3978 1.4322 -0.6522 -1.1086 -1.0685 -0.3766 1.5044 -0.6796 -0.6351 1.2896 -1.7863 -0.3247 2.3549 0.7511 0.8547 -1.0177 -0.2177 -2.3948 1.1303 -0.2219 -0.2780 -0.4211 0.8910 1.6009 -0.0649 -0.4146 -0.4901 -1.0018 0.1579 -0.2507 0.9007 -0.3243 -0.1989 -0.7035 
-1.4520 0.1510 -0.7672 -2.2876 0.4716 -0.7119 0.3487 0.1400 0.2905 0.5392 0.7474 1.3207 -2.1176 0.2317 1.9970 0.6498 -0.4338 -0.3437 0.7588 -0.3353 0.3672 -0.6621 -0.8213 -1.1170 -0.4330 0.3783 -1.0826 -0.6731 0.4329 0.9301 0.6234 -1.0048 -1.6525 1.3096 0.2904 0.4814 1.2029 -1.1140 0.0833 -0.0721 1.4764 -0.5522 0.1108 -0.0976 -0.7218 -0.5666 0.4296 1.4013 1.9676 -0.8817 
-0.0186 -1.1101 -0.7214 1.0941 0.5353 -0.5946 0.0986 -0.8319 -1.1997 2.3585 0.2759 0.7087 -0.4006 -2.1338 -2.1992 -0.3714 1.0614 -1.5747 -0.9943 1.7978 -0.1513 0.4285 -1.1848 -1.1868 -0.5755 0.6627 -1.2455 0.9687 -0.7808 0.5271 -0.6158 -0.0549 -1.9168 1.3125 -1.2436 -0.1302 0.7066 -0.2127 0.0090 1.4577 -0.5329 0.6368 -0.0427 -1.0296 -1.3973 -1.6034 -0.0553 -0.7072 2.0092 -1.0305 
-0.5033 -0.7954 -0.6723 0.1049 -0.4781 0.8103 0.2224 -0.3625 -1.5758 0.6292 0.3057 -0.4175 0.9399 -0.7606 -1.9698 -1.7846 0.5436 1.4989 2.1272 -1.0364 0.0523 0.0416 -0.5091 -0.6247 1.1059 -1.2412 0.9421 0.0109 0.2377 -3.2898 -0.6060 0.0077 -1.2601 -1.2400 -1.1536 2.9902 -2.8678 0.2296 -0.5432 0.5069 1.8261 1.9153 0.2601 0.7300 1.3267 -1.0701 -0.5007 0.8307 -0.0164 -0.1831 
-1.2824 -0.0670 -0.4742 -0.4936 -0.2638 -0.5459 -1.2256 -0.8707 -0.5775 -0.6250 0.9436 0.7270 -1.3554 -0.3734 0.6224 -1.0182 0.2729 1.1511 -0.3385 0.8795 -0.0887 0.6473 0.0645 -1.2256 0.0975 -1.1461 -0.7173 -0.2566 -0.7275 0.2438 0.8778 -0.0057 0.8706 0.4434 -0.9448 -0.3835 0.7908 -0.1307 -0.3550 0.6223 0.6409 -0.8407 0.6638 -0.3358 0.1459 0.5307 -0.7072 -0.7767 0.8063 -0.3773 
1.2670 2.5146 1.1577 0.1482 1.2711 -1.0540 2.3197 -1.0919 -0.3871 -0.7248 -0.2944 -0.6516 -1.4849 1.3488 0.9714 -0.2704 0.6043 0.1479 -1.3653 -0.1883 0.1222 0.8084 0.6196 2.8685 1.3390 -1.2760 -1.2743 -1.3428 -0.2941 0.4376 -0.4630 -0.6061 -0.2979 -2.0612 -0.8147 -1.3151 0.3660 0.7940 0.3210 -0.1435 1.4931 -0.7351 -1.0916 -0.0763 -0.4061 0.1216 -0.6416 1.6322 2.6156 0.3886 
-0.5331 -1.1999 0.9168 -0.0891 -0.5244 -0.3909 -0.3490 0.3020 -0.6891 1.4713 -0.7709 2.0469 -0.8095 0.2343 -2.0970 -0.4106 0.7346 -0.5042 0.0016 0.3891 -0.0790 0.0280 -0.3171 -0.7817 -1.6807 -0.3225 -0.2237 -0.5586 0.7030 -2.2496 -1.2086 0.7499 -0.0632 -0.9567 -0.0056 2.1068 0.9967 -1.5591 0.1465 -0.2284 0.0836 -0.2193 0.7369 -0.6858 -0.7281 -1.0338 0.6160 -0.5175 -1.2569 -1.4648 
1.1885 -0.2230 -0.9105 -2.2607 -0.2461 0.5732 0.3067 -0.4856 0.9390 0.6962 -2.3770 2.0089 1.0155 -0.7064 -1.5345 0.4089 3.4499 -3.2107 0.8218 -0.9329 -0.6813 -1.2918 1.4684 -0.1805 -0.0559 0.8322 1.8260 -1.0043 1.3288 -2.2310 -0.0057 -0.9546 0.7716 0.4674 -0.5089 -0.9855 -1.2228 -1.0875 -0.0935 -0.6246 -1.0987 -1.0045 -0.6165 -0.2120 0.0644 -2.2246 -1.0021 1.3648 -1.2643 0.5545 
0.6112 -2.3399 1.7608 -0.6463 -0.4105 -1.7781 -1.4173 -0.5649 1.2717 -0.3610 -0.3730 0.4137 -2.3277 0.4635 -1.9612 -0.3491 0.1991 0.7481 0.7991 0.8587 1.2757 -0.7298 -1.4604 0.5863 -1.6924 -1.7719 -0.1858 0.2373 0.2450 -0.5910 -0.5684 -1.4809 -1.8104 0.4341 -0.8822 -0.6011 -0.9636 0.4240 0.7218 -0.3209 0.2607 0.6299 -0.7834 0.6789 -0.4030 2.5397 -0.0687 1.2105 0.6484 -0.4036 
0.0552 -1.3541 -0.4013 -2.2767 -1.3456 -2.5128 -2.7900 0.4212 -0.5805 0.1883 -0.1630 2.3022 -1.3231 2.5678 1.2232 -1.8776 0.8795 0.2128 -0.2719 -0.8072 -0.2061 -0.6240 0.2105 -1.1471 1.9025 -1.9687 1.3247 0.4673 -0.5840 3.1083 -1.3805 -1.4352 -2.1193 2.5319 0.3456 -0.9116 -1.9135 -0.9851 0.2772 -0.3939 0.1744 0.4832 -0.4880 -0.2688 -0.7884 -0.5202 0.9048 -2.6562 -1.2006 1.7778 
-0.9540 1.2348 1.2346 -1.6294 -0.9228 -0.4493 0.0728 -0.0021 -0.7012 -0.2194 -0.0059 -1.1168 -0.2697 0.6224 -0.8023 0.3644 0.3362 0.8661 0.3929 -0.1553 -0.8723 -0.3637 0.4198 0.6912 -0.2502 1.8656 -0.8109 0.8061 0.0055 0.1112 0.4745 -1.2175 -1.0720 1.0792 -1.0801 -0.8480 1.9311 0.1134 1.0345 0.3295 0.3156 -0.4476 0.3405 -0.6349 0.0559 0.3195 -0.8779 -1.4033 1.1453 -0.7391 
-1.3687 -0.4592 -0.5292 -0.8897 1.9757 -0.0029 -0.3931 0.5422 -0.6865 -0.3230 0.1538 -1.1119 -0.4497 -1.3541 0.7946 1.0602 -1.2404 1.6211 -0.2064 -0.7867 0.1212 1.8293 -0.4207 0.4406 0.3728 1.2404 -0.5419 -0.0286 -0.0756 -0.0139 2.0575 1.0046 0.3705 0.4934 0.5028 -1.1223 -2.4825 -0.2565 0.4499 0.4322 -0.3596 -0.5945 -0.6669 0.9001 -0.4167 -0.1772 0.1252 1.1187 -0.2968 -0.9483 
-0.3239 0.4103 -0.2673 -0.4228 -1.7444 -1.8452 -1.6834 0.1936 -0.7090 0.9254 -0.4629 0.3792 -0.1099 -0.6212 2.4319 -0.7253 -0.0776 -1.3636 -1.2006 -1.5770 -0.3766 -0.7029 -1.4596 -0.2579 0.0279 1.3913 -0.8335 -0.5032 -1.3785 2.0518 -0.6924 0.5523 -0.5156 -1.0919 -0.2113 -1.0173 1.0494 -1.5243 -0.6633 -0.0618 0.1631 0.0693 -1.1957 -0.0067 -0.9144 -0.9735 -0.1454 -0.1622 3.4724 -2.4252 
1.0730 -1.1805 0.1952 -1.1616 0.2856 -0.6130 0.2211 0.2017 -0.4719 -0.7145 -0.3383 1.8428 -1.4211 -0.3761 -0.9168 0.3639 0.4801 -1.2923 -0.1379 0.0740 0.5205 -0.2999 -0.7647 0.9416 1.0276 0.9804 -0.7533 0.4363 0.8445 0.5541 -0.3864 -1.6029 -0.0885 -0.4479 -0.3881 0.0712 0.1182 -0.5752 -0.5011 -0.4808 0.9185 0.0433 0.0536 -0.8304 2.4009 -0.3991 0.4457 -0.2016 0.5918 0.1684 
0.6230 -0.7733 0.3154 -0.1778 0.7215 0.2925 -0.4184 -0.1848 -0.1659 0.8025 0.7413 -0.3250 0.4599 -0.6070 -0.1204 -0.6633 -0.5361 0.5755 -0.8666 0.8074 0.4319 -0.7942 0.2466 0.3634 0.0792 -0.5244 -0.9759 -0.0627 -0.9263 -0.9679 0.1428 -0.1330 0.8163 -0.4002 -0.1179 -0.8722 0.0527 -0.6184 -0.5036 -0.6759 -0.3852 0.5783 0.5018 -0.9487 -0.7923 0.8287 -0.8372 -0.8747 -0.8279 -0.0679 
-0.8490 -0.5995 0.3711 0.1474 -1.1064 -1.6870 0.1582 0.3530 0.5575 0.7064 -0.3040 -0.1867 0.7975 -0.2761 1.4096 1.2689 1.0187 1.3235 0.3375 -0.2326 -0.7785 -1.3200 -1.2450 -0.8315 0.4572 0.7836 -2.5582 0.0669 0.0687 0.5816 0.4626 1.1255 -1.5599 -2.1286 0.0904 -0.9675 0.7919 -0.5351 -0.4198 0.5737 -1.1345 2.0624 0.2603 -0.3869 0.5079 -0.1354 0.6243 -1.1747 2.5484 0.7778 
-0.1340 -0.0094 -0.6693 -0.7859 -1.0088 -0.3843 0.7357 -0.3233 0.7715 -0.8644 0.3452 -0.8714 0.1644 -0.6979 -0.3712 0.1996 -0.1942 -0.6469 -0.2139 -0.5323 -0.9895 -0.4375 0.5532 0.7118 0.3019 0.5131 0.4466 -1.0424 -0.4098 -0.9851 -0.0355 -0.8032 -0.5674 -0.6931 0.1009 0.0738 -0.6752 -0.6818 0.6699 0.4399 0.1596 -0.0393 -0.7787 -0.1222 -0.7644 -0.6260 -0.5593 -0.4752 -0.0896 -0.6910 
0.3552 2.4062 -0.1216 -1.8145 -1.8968 0.8343 -1.6130 -0.6856 -0.2568 1.4877 0.0740 -1.6952 0.9011 -0.4833 1.1702 0.3714 -1.4409 -0.3252 0.9294 0.3996 -0.1524 -0.9458 -0.4147 0.8309 -0.4948 -1.6905 -1.5866 0.0453 -1.1713 2.0444 -0.0701 1.3358 -0.3803 1.5557 0.2360 -1.2175 1.1614 1.0605 0.0381 -0.0655 -0.0933 -0.7524 0.3970 0.7268 -0.3411 0.6093 -0.2229 -1.4810 -1.2257 0.0022 
-0.6947 -0.5998 -0.1848 -0.0514 0.0893 0.4008 -0.1500 -0.8216 -0.2778 -0.0603 -0.4568 -1.6112 -0.8194 1.4792 0.1343 -1.0686 0.1080 -0.1180 -0.5984 0.2375 -0.4833 -0.2067 -1.1973 -0.8352 0.1560 -1.4915 -2.0295 -0.6225 -0.9598 -1.2567 0.8369 2.2875 -0.7862 1.1185 1.1734 -0.7402 -1.0793 -0.0769 0.0468 -0.1710 0.3381 0.3274 0.7279 0.3288 -1.3809 -0.4447 0.1818 -0.9221 -0.7715 -1.5151 
0.6011 -0.0454 0.0223 -0.3385 0.6349 0.4567 -0.6362 -1.0414 -0.5473 -0.6716 -0.8738 0.1940 -0.7749 0.0506 1.7903 -0.5746 0.3046 -1.0443 0.4325 -0.9274 -0.3311 -0.2456 -0.4428 -0.6682 -0.8106 0.1857 -0.7932 -0.7784 -0.4960 -0.3937 -0.5231 1.3294 0.3100 0.4894 0.9547 -0.2103 -0.8778 -0.7753 0.9352 -0.5020 -0.2675 -0.6370 0.3364 -0.2914 0.1379 -0.1520 0.5524 -0.2669 0.4524 -0.2748 
1.1545 0.1448 -1.7412 -1.3753 -0.1723 0.5270 -0.9833 -0.5261 -0.5780 -0.2123 2.1883 1.3431 -1.8619 -0.2655 1.4701 0.1099 -0.2960 -0.1503 1.2957 0.9660 -0.5148 0.2723 -1.2474 0.6373 0.3529 -1.8022 -0.1243 -0.2523 -0.3237 0.5346 -0.3837 -1.3585 0.0981 -0.6505 -0.8085 -1.8005 1.1551 1.3441 -0.3830 0.7772 -0.7633 0.8965 0.1039 1.0116 -0.1342 1.2379 -0.1869 0.0959 0.3583 0.2552 
1.3540 -0.2291 0.8038 0.8713 -0.7670 -0.2805 -0.7882 0.4518 0.8240 -0.1808 0.6280 0.9837 -0.1119 0.1894 -1.0117 0.6753 0.1506 0.0839 0.2694 -0.4059 -0.4547 0.5218 -1.0017 -0.1094 0.6143 -0.3044 -1.5594 0.2187 -1.5170 0.0152 -1.0015 -0.6601 0.7123 0.2533 -1.1239 -0.1738 0.8257 0.9135 1.1796 0.7134 -0.3561 1.8242 0.2081 0.1148 0.4775 -0.0904 -0.3917 -1.6207 0.7430 0.2547 
-0.9491 -0.5149 -0.0885 -1.9002 -0.5020 -1.8877 -1.1713 -0.3586 -1.6435 1.2004 -0.2703 0.9700 0.5898 -0.5651 0.6604 -0.2957 -1.4806 -0.9184 -2.1400 -0.5525 -0.8749 -0.4592 0.8166 -1.3301 -0.3724 0.7085 1.6411 0.0759 0.3508 1.4818 0.5719 0.0555 0.3793 0.9919 -0.0877 1.7356 -0.3793 -0.3716 -0.1614 0.0417 -0.5974 -0.3353 -1.2598 -0.4602 -0.9420 -2.0172 0.0369 0.1731 -0.1775 -0.7351 
0.9127 -0.1857 0.0717 0.3221 0.6966 -1.2919 0.0044 -0.2329 -0.7052 -1.2291 0.0558 -0.2894 -2.2319 0.6677 -1.5008 -0.4229 0.8405 -0.4100 0.0471 -0.0152 1.0728 -0.5705 -1.0392 -0.1204 -0.2186 0.9836 -0.0491 1.1314 0.2068 -0.2177 -0.3547 -1.2335 -1.3251 0.9748 -0.9861 -1.3070 1.8809 -0.6233 0.8516 0.0709 -0.0421 -0.2270 0.9909 0.4627 1.3292 0.2443 -0.1645 -1.1936 -0.1680 0.7592 
-0.1109 -0.4625 0.3281 -0.8293 -0.5325 0.6587 -0.4205 -0.5243 0.5127 -0.9670 0.4905 -0.9134 -0.1922 -0.1006 0.4119 -0.1464 -0.6315 -0.6983 -0.8295 0.8516 -0.3120 0.1986 0.4192 0.0604 -0.6282 0.1509 -0.5332 0.5204 0.7473 -0.7557 -0.8177 -0.1934 -0.4944 -0.6466 0.4939 0.1610 -0.5792 -0.3860 -0.4392 -0.4161 0.3706 -0.4639 0.1986 -0.5011 -0.2798 -0.6360 0.5198 0.4127 -0.6682 -0.3119 
-0.8163 -0.6735 0.5266 -2.7096 -0.8971 0.3181 -1.5814 -0.5739 -0.5126 1.6527 -0.1711 0.4784 0.7673 1.6921 1.6686 -0.2049 -0.3331 0.4320 0.2349 -0.5545 0.4168 -1.5820 2.9878 -1.4846 0.3052 3.4420 0.9087 -0.1814 3.4606 -2.4461 -1.1956 0.7915 0.2976 0.6164 -0.6954 0.4954 1.6193 -0.6375 -1.1905 -0.6021 0.6871 -0.5785 0.3032 -0.4579 1.5636 -1.4723 -0.2499 1.1060 -1.5025 -0.2597 
-0.1461 0.5951 0.9215 -0.2951 0.4505 -0.9486 1.5852 0.0917 0.3243 -2.1332 -1.6957 -0.6124 -1.7938 0.7968 -0.4120 0.2905 -1.7880 -1.2314 -0.5716 -0.6564 0.1662 0.5846 0.1366 2.3588 -0.7724 1.2666 0.5992 -0.6749 1.0046 1.7077 -0.0573 -1.1355 -0.1628 0.0195 0.6957 -1.8290 1.8976 0.7303 -0.8904 -0.1137 1.1436 -0.0977 -0.9178 -0.1643 0.1297 1.9000 -0.0933 -1.3252 -0.5850 -1.3288 
-0.2115 0.8350 -1.3446 0.1745 -1.4571 0.9880 0.3071 0.2664 1.9258 0.0460 -0.2012 0.4021 0.3448 0.9386 -1.8683 0.5629 -0.3286 -0.5296 -1.4179 -1.2004 -0.5926 0.7095 -0.8495 0.2301 -0.1756 -0.0319 -1.3541 -0.6537 0.2050 -1.3317 0.0500 0.7445 0.2444 -0.8503 -1.2704 0.7085 -0.3469 -0.2686 -0.2882 0.2400 0.7929 -0.4563 -0.4463 0.3810 -1.2019 -0.2292 0.7720 1.6275 1.2900 -0.6031 
-0.4312 -0.2443 -0.7960 -1.9475 -2.0974 1.4522 -0.9100 -1.9831 -0.0502 -0.3951 0.7300 -1.4498 1.7991 1.9847 0.5495 -0.0261 -0.4463 0.3015 -1.1034 0.0372 -0.4553 1.7427 -1.2913 -0.3010 1.9163 -1.2503 -0.6700 1.0200 -3.3407 1.0651 0.2785 2.8834 -1.2620 1.2745 -1.4257 0.9126 0.6554 -0.6479 -0.3106 1.2697 0.3086 -1.0473 0.5642 -1.3890 -0.5987 0.1586 0.0983 0.3448 1.4709 -2.2917 
1.0639 2.0280 -1.1978 -1.3504 -1.4695 -0.7933 -0.9441 -3.2977 -1.2133 2.1500 2.4514 0.1438 3.0600 -0.0756 1.5296 0.0444 2.8860 1.3901 0.0480 1.1658 1.5542 7.0338 -4.4931 0.3159 0.8735 -2.2486 -1.4147 1.0010 -4.0498 1.3321 -0.5314 3.4144 0.3387 1.3863 -3.7627 -0.6626 1.5546 2.4209 1.5378 -0.1245 0.8657 -0.5435 -0.5336 0.4142 -1.0726 1.2743 0.0141 1.2695 0.6949 -0.9233 
0.5459 -2.3187 0.7071 -1.7220 0.4930 0.1210 -1.5943 0.9981 -0.4953 -2.9612 -0.5784 0.4623 -0.8754 1.1741 -0.6861 -0.6418 -1.1206 -1.0618 -1.4708 -0.2753 -0.7272 -0.7211 1.0411 0.5910 0.4359 1.2455 0.8664 0.7105 1.0931 1.2043 -0.3036 1.6588 -2.0966 0.3586 1.4825 -0.7370 0.0084 -0.8351 -0.0122 0.4255 1.2895 -0.6942 -0.1612 0.1858 -0.2950 -0.2732 -0.8143 0.0707 0.3444 -0.2335 
-1.0171 0.0769 -0.1119 1.8666 0.3191 -0.7632 -0.0292 0.5211 1.2491 0.4271 0.2109 3.0878 0.1754 1.2354 -1.7125 1.7541 1.7396 0.4486 -0.2743 -0.3387 -0.5493 1.5869 -2.4070 -1.1567 -1.2960 -2.5161 -1.9065 0.6234 -1.4350 2.7194 -0.4431 1.7156 -1.1024 0.5141 -2.1481 -0.2219 -1.1802 -1.1496 0.7926 1.0358 -1.8353 1.9137 -0.7820 -0.7227 -1.3354 -0.7251 -0.5593 -1.3377 -1.0286 1.7246 
0.0757 -1.5986 -0.0397 -0.4259 -0.9762 -1.7570 -0.3134 0.9407 -1.2329 -1.4775 -0.7693 2.4014 -1.3163 0.0076 -0.5744 -0.8588 1.2778 -1.1326 0.3220 -1.6987 0.4679 0.5161 -0.6592 -0.6730 1.0171 -0.5074 0.3043 -1.8845 0.3427 -0.2887 -0.0080 1.3172 -1.2209 1.1866 0.8351 0.5000 0.4204 -1.9854 -0.1186 -1.0718 2.2572 -1.3201 -1.6174 0.0299 -2.0049 -0.6686 -0.7558 -0.2716 1.6389 0.1679 
-0.4327 0.5700 0.1232 -0.4465 -0.1366 -0.7265 -0.2690 -0.9081 0.6941 -0.6387 -0.2009 -0.6081 -1.1115 0.1521 -0.4127 -0.6379 0.8732 0.8650 0.9616 -0.6587 0.8677 -0.6298 -0.0615 -0.9221 1.4382 -0.8276 -1.2510 -0.8454 -0.0669 0.2059 -0.4267 -0.4176 -1.0759 0.3634 -0.3538 0.2351 1.1006 0.6345 -1.1530 -1.1606 1.1634 0.3656 1.1386 -0.8356 -0.1335 -0.6161 -0.1347 0.0054 0.2860 -0.8087 
-0.8470 -1.3256 -0.8727 -0.7567 0.7084 0.7007 0.2928 0.5317 -0.9602 0.6622 -0.8239 0.6758 0.9453 -0.0763 -0.4598 0.4203 -0.5873 -1.3180 -0.2330 0.2367 0.1046 0.3045 -0.4123 0.7439 -0.3673 -0.4491 -0.7653 1.0644 0.0149 -0.8001 -0.5525 -0.8030 -1.2496 0.5217 -1.1770 -0.7008 -0.7135 0.5989 0.6976 1.4142 -0.6875 0.3086 -0.9621 -0.2759 -0.0641 -1.4420 -0.3449 0.3083 0.5310 -0.2555 
-1.0144 -1.1845 0.4712 -0.6299 -0.7076 -1.1787 0.6564 -0.5796 0.2238 1.6622 -0.3853 1.4027 0.2042 -1.5642 -0.5850 1.0432 -0.5218 -0.4399 -0.0550 0.6164 0.2076 -1.3591 0.8067 -1.0249 -0.0460 -1.1610 -1.4018 -0.7251 -0.3749 0.2512 -0.1837 0.4272 -0.3051 1.8801 0.3707 0.3639 0.7186 0.2820 -0.0774 0.6196 -0.9835 -0.3488 -0.4954 -0.3999 -0.2306 -0.9231 -0.7873 0.0738 0.4075 -1.9340 
-1.4156 -0.3240 -0.7430 -0.7639 -1.4534 0.7455 0.3727 0.9778 -0.6497 -1.4158 -0.9674 1.4198 -0.6091 1.0170 -0.3353 -0.6736 -0.7390 -0.6149 -1.2542 -0.2350 0.3221 1.0893 -0.3887 -0.4064 1.8792 -0.0878 1.6242 1.2631 -0.6956 -2.3915 0.1819 0.5225 0.4968 -0.5179 0.1688 0.3138 -1.6256 -1.2816 -0.6766 0.4153 0.6643 -0.4778 -0.4678 -0.6662 0.5353 -2.2957 -0.8845 -1.6813 -1.1736 -0.9116 
-1.2612 -0.9332 -0.9880 -0.9162 -0.4502 -0.0037 0.6357 0.2460 0.2264 -0.5745 -0.2528 -1.4385 -0.2506 -0.9860 3.3551 0.1925 1.3312 0.4721 -1.1232 -0.1414 1.1587 -0.6657 -0.7851 0.1265 -0.6619 0.1141 0.3375 0.4289 0.3498 -0.6628 0.5376 -1.6451 -1.3409 -0.4368 1.2724 0.7136 2.1841 -1.5277 0.1271 -0.0164 1.1113 -1.0659 0.0978 -0.1285 -1.5196 -0.9364 -0.9473 -0.1339 2.1454 -1.1007 
0.1568 -0.9973 -0.4086 -1.2796 1.2585 0.0954 0.0836 -0.5073 1.1160 0.8674 1.6749 -0.4320 0.6572 -1.0500 -0.1460 -1.8422 -0.2158 1.2766 -0.7454 0.8725 0.3175 -2.5880 3.2364 -0.1016 2.1235 2.7060 -1.0027 0.0953 1.9291 -1.0925 1.3413 0.8619 -2.6965 -2.1005 -0.4725 1.2619 0.3966 -0.0170 0.7049 -0.4579 0.7331 1.4434 -1.1580 -0.2586 0.1187 1.1621 0.1949 0.6468 0.3857 0.5306 
0.8135 0.1057 0.2794 -0.3117 -0.7765 0.5132 -0.6074 -0.9969 0.5975 0.1910 -0.4374 -0.0340 -0.8580 -0.7896 1.0293 0.3682 0.3460 -0.0377 -0.3686 -0.7391 -0.8518 -0.6534 -0.1462 0.7307 -0.2194 -0.7128 0.2580 -0.7968 -0.8417 0.3459 -0.8393 -0.3362 -0.1131 0.7059 0.9392 -0.3941 0.6918 -0.8901 0.2419 0.7029 -0.3686 -0.3259 0.7854 0.1462 0.1569 -1.1373 -0.7510 -0.7015 -0.5161 -0.9855 
-1.5502 0.5419 2.5406 1.0712 2.1313 -1.7198 0.4665 -0.4006 -1.0635 -0.4058 -0.7258 -1.0102 1.4574 1.0863 -1.6071 0.6296 1.2932 0.3975 -2.3387 -0.6538 -1.3649 1.2736 -0.3789 0.5957 -2.4364 -1.5041 -1.1229 0.4836 -0.5503 1.6651 1.7903 0.6850 -1.1351 -0.7796 1.0772 3.0935 -1.5560 0.3102 0.7820 1.0935 -0.6483 -1.3086 -0.5469 0.4059 -2.9171 -1.8094 -0.0126 -0.0916 0.8092 -2.1653 
-0.7682 0.7020 -0.0324 -0.3315 -0.4943 0.2043 -0.5991 -0.7246 -0.0653 0.3483 -0.0653 -1.1624 -0.9659 -0.1176 -1.1442 -0.5444 -0.8348 0.3056 -0.2916 0.1192 0.3255 -0.8615 0.7227 0.5640 0.5124 -0.6756 -1.2047 0.4195 -0.3168 -0.0086 -0.7862 0.2452 0.6650 -0.3374 -0.4086 0.2790 0.0948 0.7377 -0.8996 -0.9882 0.3646 -0.4593 -0.7730 -0.0613 0.0770 0.1006 -0.3544 0.5097 0.6552 -0.3835 
-1.4680 -1.0405 -1.3020 0.1363 -1.7948 0.9789 -0.5622 -1.3490 -1.3569 2.6323 -0.0077 -0.6130 -0.0292 -2.1750 -1.4553 -0.4288 0.1294 -0.1517 -0.5730 0.0591 0.7377 2.6247 -1.0003 -0.0121 1.7500 -2.0715 -0.0128 -1.2344 -2.2755 -1.0623 -0.7405 2.1720 0.0132 0.5310 -1.3476 0.1712 -1.9560 0.7667 -0.2897 0.6842 1.4314 -1.4687 0.3517 -0.4130 -1.2091 0.9362 -1.0384 1.3335 1.0702 -2.8585 
0.9350 -0.5637 -0.4732 -0.8582 0.7763 0.2763 0.8827 0.9560 -0.8064 -0.5160 0.3008 -0.6322 0.1240 -0.3366 -0.4759 -0.1435 0.5923 -0.9693 -0.7078 0.7065 0.6121 -0.1929 -0.4262 0.2064 -0.8393 -0.6139 -0.4951 0.6091 0.1401 -0.4249 0.5361 -0.5479 -0.8340 -0.5389 -0.0968 -0.2034 0.0842 0.4652 -0.3107 -0.9290 0.1586 -0.4900 0.5944 -0.6269 -0.4625 0.1714 -0.8375 -0.3429 -0.2117 -0.5854 
-1.4220 -0.9332 -1.7329 -0.7385 -1.7980 1.5961 -0.7945 -0.0291 -0.1833 0.7391 -0.0327 2.8913 0.1716 0.4882 -0.2080 -2.4495 -1.2834 -2.8810 -1.9990 -1.7928 -0.4102 0.2759 1.1193 -1.1287 -1.4137 0.9246 -0.7113 -0.3700 -0.8698 1.0117 -1.5331 2.5822 -1.8762 1.1339 0.6558 0.1213 0.5831 -1.7343 0.0962 -1.5267 0.4516 -1.8196 -0.2868 0.7699 -1.2379 -1.3967 0.1840 0.2159 0.9114 -1.0497 
0.7045 0.4231 -1.0926 -0.9705 -1.2910 0.3227 0.1559 -0.6410 0.2990 0.1477 0.8097 0.8289 1.3448 0.3465 0.0719 0.5052 -1.4036 -0.9907 0.0825 0.1201 -0.0850 0.7016 -0.2503 0.1823 -0.2506 0.4844 -0.0136 1.1995 -0.1287 0.6728 -0.9971 -1.2430 0.2811 0.0961 -0.9778 -0.8384 -0.4600 -0.0475 -0.2591 -0.3753 -0.1346 -0.2798 -0.2892 -0.5245 -0.7354 0.8313 -0.3573 0.3365 -0.3476 -0.0667 
1.1391 0.0116 1.1503 -1.1000 0.2320 -0.5996 0.4869 -0.0399 1.4142 -0.0465 -0.4715 -0.2454 -0.9773 1.3675 -0.3487 -1.1799 0.0654 1.6245 0.1170 2.3273 -0.8997 -0.2239 -0.9839 0.0224 -0.8238 -0.6547 -1.7374 1.1714 -0.6567 -0.0354 0.9341 -1.4272 -2.1672 0.2321 -2.2364 1.2844 -0.8810 1.3462 1.0847 1.0592 0.1653 1.5519 1.0359 -0.1541 -0.2754 0.3738 0.5273 -0.5884 0.1380 1.8572 
0.1025 -1.5165 -0.0243 0.3313 -0.3385 -0.0913 -0.3079 -0.8718 0.0706 0.0121 -0.4405 -1.4678 1.1592 0.0327 -1.6079 0.6393 -1.1994 0.3373 1.0297 0.5784 0.4921 -1.7671 0.2714 0.0171 0.1511 0.2955 0.3799 0.4737 0.0505 -0.9069 0.9087 0.1092 -0.9303 -0.1047 1.0404 0.1067 -0.6018 -0.1067 -0.7925 0.2382 -0.0834 -0.1953 -1.0194 -0.6272 1.0116 0.2296 0.4501 0.2512 -0.8621 -1.1943 
-1.1632 0.9507 2.4886 -0.1104 0.4736 -1.4835 -0.4213 1.2067 -0.5458 -1.0764 -0.2731 0.3605 0.1650 1.5955 0.3516 1.9059 -1.4168 0.6973 -0.8281 -1.8989 -0.9851 -2.0714 2.9055 0.5630 -0.0960 -1.0540 0.6802 -1.5983 1.5357 -0.2559 0.5120 -1.7106 -0.4846 0.3043 1.4864 0.5786 -0.8948 0.1865 -0.3872 0.2420 -1.2843 -1.0741 -0.7870 0.4894 -0.3048 0.7742 0.4284 -0.4861 0.0934 -1.8675 
0.4018 -1.2440 0.7633 -0.3367 -0.0530 2.1720 1.6171 -1.0389 0.9734 0.4186 -0.9399 -1.0042 -1.0984 0.8080 -0.5476 -1.5288 1.7107 -1.0003 1.7674 -1.8833 0.8045 -0.7863 -0.7788 -0.6929 -1.8826 -0.5319 2.0061 0.5742 -0.5564 -1.4345 -1.3850 -0.9479 -0.2088 -1.3060 0.1410 -0.0692 -1.0326 -0.0133 -1.1418 0.2114 1.6367 0.8653 -0.4933 -0.2418 1.6217 -0.5875 -0.4126 -1.6260 -2.0971 2.9025 
-0.8053 0.2887 0.0931 0.2590 -0.7099 -0.2383 -0.5895 -0.7904 0.4880 0.0834 -0.8421 -0.5048 -0.5282 0.7514 -0.8984 0.8026 -0.5645 0.4129 -0.5353 0.2469 -0.7048 0.7830 0.0741 -0.5746 -0.6983 -0.5304 -0.6969 -0.6202 0.6429 0.2015 -0.5476 -0.4719 -0.5442 -0.7470 0.0053 -0.7136 0.7781 -0.4686 0.3753 -0.8379 -0.6307 0.5278 0.4879 0.8079 -0.7202 -0.9048 0.8559 -0.6587 -0.5500 0.3623 
-0.9201 2.2183 1.2656 -0.3532 -0.6578 0.9499 1.0111 -0.1858 1.0484 1.3013 -0.0203 1.1029 1.0574 0.0987 -0.0190 0.6321 0.3713 0.2608 -0.3717 0.1854 -0.4483 -1.1280 0.0557 0.1091 0.4573 -1.3992 -1.5930 1.2544 0.6485 1.8708 0.4957 -1.6620 -1.1320 -0.1196 1.0953 2.3500 0.0677 0.4960 2.3389 1.1789 -0.9926 -1.0239 -0.5691 -0.0810 0.6971 -0.2841 -0.7556 -0.6102 -1.5338 0.2748 
-1.4624 -1.9179 0.4329 -1.1339 0.5970 -2.7476 1.1041 -1.3555 0.7070 -0.2379 0.4952 -1.7702 0.9686 -0.6961 -0.2538 2.4244 2.8890 0.5851 1.0529 0.0742 1.1258 0.6530 -0.7209 -0.7032 -0.9737 0.3838 -1.6222 0.7084 0.8593 0.4502 -0.4294 -1.9681 -1.2657 -0.3947 -1.6147 0.2640 -1.0243 1.1117 0.0677 0.3883 -1.0567 1.5301 -0.3611 -0.1833 1.2096 0.8563 -0.6984 0.9933 0.7321 -0.7608 
-1.8468 -1.4224 0.7134 -0.7225 1.7111 -1.5704 0.2756 -0.7324 -0.6937 -0.6076 0.7292 -0.3934 1.4162 -1.2914 0.8246 2.0936 -3.6137 -0.3012 0.1047 -0.1859 -1.2412 0.1200 -0.7277 -0.4939 -0.9291 -0.2037 -0.0405 1.8180 0.0526 0.5274 2.2582 0.9014 0.1843 1.5097 0.6922 0.2021 -2.2402 0.5214 2.2116 -0.5954 -2.1156 -2.1131 0.1296 1.0417 -0.8067 0.3547 -0.0085 -0.5033 -0.9660 0.3972 
1.5676 0.9531 -1.7828 -1.3131 0.3893 -1.7872 -0.9666 -0.1699 -0.0903 1.1811 1.4947 0.6501 -0.0001 -0.8579 2.7942 -1.3818 0.1591 0.1033 -0.7430 -0.4365 -0.7809 -1.3361 0.5792 -0.3898 2.0934 -0.7282 1.2012 1.0341 0.6698 1.3222 -0.9497 0.0413 0.9441 0.2049 0.2464 -3.6725 1.0365 0.6987 -0.6687 -0.2148 -0.4062 -1.9034 0.4322 0.8473 -1.5187 -0.2572 0.7990 0.6373 0.7020 1.2729 
-1.1523 0.2393 0.2225 0.9704 -0.6150 -0.6654 0.1409 0.4146 1.4117 1.1956 0.6237 0.3839 0.0489 -0.6660 -0.1875 -1.2171 1.2289 -1.1204 0.1904 0.4717 0.4004 -0.7089 0.6275 -0.5922 -1.0593 0.6891 0.5286 0.2519 0.3567 -0.2203 -0.7054 -0.7784 0.1636 -0.8141 -0.8115 0.7523 -1.0944 0.5699 -0.0199 0.2824 -0.9526 -0.5366 -0.7372 0.6329 -0.4724 -0.2934 -0.0213 0.8774 -0.2963 -0.3383 
-0.8967 -1.1594 -0.3204 -1.3338 -1.0859 -0.4470 -0.7320 0.6766 -1.2030 -0.2823 0.3484 0.3227 -0.9980 -1.3493 -1.3563 0.1473 0.4997 -0.2109 1.0349 -1.5166 -0.7052 -0.6868 -0.5811 -0.8944 0.0962 0.0865 0.9141 -0.3569 -0.1516 0.0933 0.2995 -0.4575 -0.8257 0.6576 -0.7514 -0.9209 -0.7864 0.0305 0.1906 0.2996 -0.5871 -0.6279 -0.2073 -0.1699 0.2805 0.5878 -0.9114 -0.7176 0.1947 -0.4625 
1.3298 0.9118 -1.7145 2.5863 -0.7150 0.9457 -0.5147 0.3348 1.2475 0.3355 0.5961 3.3541 -0.2446 -1.5570 0.5666 0.4072 -0.1475 -0.5768 0.2978 -0.6459 -0.5989 2.1470 0.3067 -0.7048 -0.7887 0.3254 -0.6213 0.1334 1.0087 2.4963 -1.1215 -0.2194 0.5110 -0.1966 -0.7048 -0.1626 0.6057 0.4134 0.5332 0.5138 -1.4486 0.6634 0.6429 -1.1013 -0.3751 0.1166 0.8456 0.0110 0.8765 0.9946 
1.8410 -0.7459 0.5940 -0.6202 -0.8239 0.0396 -0.1633 1.3697 0.6119 -0.5089 1.1579 0.6878 -1.2551 -1.1379 -1.0614 -0.8666 -0.7683 -0.5718 -0.7831 0.2791 -0.0798 0.6887 -0.0952 0.5268 -0.6738 -1.8589 0.9314 0.1867 0.3261 -0.8652 -0.4654 -0.2222 0.0724 1.2128 -0.3300 -1.1941 -0.9867 0.1559 0.3687 0.6266 -0.3548 -1.4712 0.3459 0.0521 0.4911 -0.3550 0.5900 -0.4911 -0.9949 0.0518 
0.2037 -0.0253 0.2294 -2.2001 1.6971 -2.7504 -1.9870 -1.2253 -0.5990 1.0770 0.0238 1.5873 -1.0695 0.0393 1.4734 2.9166 -0.9744 -0.9737 1.1705 -2.0343 0.1758 1.6162 -0.3251 -2.2517 -0.5356 0.3211 1.0194 -1.2078 0.9535 -0.3148 -0.5770 -1.3824 -0.2621 2.8061 -0.9545 -4.0085 -0.2001 0.3547 -1.5313 -0.8633 -1.8145 -1.0605 -0.0831 -0.5963 -0.8417 -0.9182 -0.9992 0.0743 0.5578 -1.0105 
-1.2602 0.1023 -0.2018 1.6817 -0.8729 0.5035 1.1897 -0.7716 -0.0501 1.4464 -0.4239 -0.9545 -0.5701 0.0888 0.1297 0.1624 0.4817 -0.0942 -1.5104 -0.4761 -0.0592 -0.3936 -0.8776 0.0402 -1.3955 -0.6867 -2.6251 0.1238 -1.6089 0.1293 0.4926 1.9814 -1.9139 -1.4015 -0.2789 0.7859 0.0438 0.4573 -0.7748 0.1588 -0.0625 0.6771 -0.3717 0.3360 -0.8430 0.4998 0.7601 0.5073 -0.0155 -1.4548 
1.8109 -0.4671 1.2131 -0.6140 0.6913 -1.9261 0.1656 -1.2288 -0.8411 -1.5267 -0.2467 -1.5821 0.2384 0.6916 -0.8869 1.3395 -0.7400 -0.2306 -1.3761 -0.9948 -0.2709 0.3615 -0.6645 1.4239 -0.7372 0.1540 -0.5900 -0.5681 -1.1363 -0.6094 -1.2767 1.0881 1.3923 1.9163 1.1270 -0.7918 0.3581 -1.1537 0.4228 -1.1043 0.6161 -1.8749 -0.4639 -0.1309 -0.4399 -1.9407 0.2111 -0.8898 1.8370 -1.8349 
0.6770 -0.0916 -0.1676 0.3715 -0.0671 0.6821 0.2268 -0.3351 0.2165 -0.9691 -0.9551 0.5250 -0.5273 -0.3157 -0.2058 -0.6724 -0.6088 0.2644 -0.3096 0.3162 -0.0660 0.4367 -0.9549 -0.6850 0.2386 -0.5100 -0.7258 0.0895 0.0790 -0.1120 -0.8936 -0.4644 0.4881 -0.7063 0.4730 -0.1296 -0.8577 -0.4623 0.6518 -0.1799 -0.4956 0.2654 -0.8030 0.8525 0.6432 0.2715 -0.2472 -0.1320 -0.5984 -0.3485 
0.1009 0.7314 -0.1988 0.6929 -0.0263 -1.1144 -0.1511 -0.7206 -0.8703 -1.1092 -0.8081 -0.3595 -0.8391 0.1296 -0.7028 0.2587 -0.0288 -0.0980 -0.7943 0.5739 0.7997 1.0998 -1.0675 -0.6470 1.3336 0.0907 -0.6360 -0.5749 0.0429 -0.9975 -0.9266 1.2946 -1.4330 -0.0996 1.3956 1.1740 -0.9053 -0.4013 0.0118 0.4333 0.3493 -0.5524 -0.0148 -0.3029 0.3095 0.4716 0.8626 -1.1571 -0.6671 -1.2379 
1.2547 0.8441 0.9524 -0.5433 -0.4313 1.3739 -0.5662 -0.1830 -0.4115 -0.2799 0.9978 -0.3052 -0.2958 0.5924 2.0362 1.7040 -1.6134 -1.0264 -1.4143 0.4829 -0.9232 0.6805 -0.1396 0.0697 0.6483 -1.3253 -0.6464 -0.7636 0.0515 -1.9229 0.5044 0.0966 1.9555 -0.7365 0.7938 -0.9080 -0.9432 0.1583 0.1508 -1.1222 -0.8203 -0.6696 -0.9780 0.6430 -0.0133 0.9576 0.6387 -0.0764 -0.1507 -0.7438 
0.3120 -0.3400 -1.0767 0.0912 -1.1094 -0.2716 -0.0500 -0.2806 1.0835 0.9259 -0.7381 2.0953 1.4646 -1.5279 -1.2048 -0.6338 0.6391 -0.8150 -1.4668 1.8266 -0.8306 0.2994 0.4849 0.0038 -0.9472 -0.1933 -1.0864 -0.6109 1.0610 1.1130 -0.1539 0.6739 -0.9481 0.7683 -1.3851 1.9381 1.0955 0.5417 0.6071 0.3087 -0.1052 1.0276 0.1935 -0.2795 -0.7904 -1.7916 0.7143 -0.9083 -0.4209 1.0766 
2.8159 0.1525 0.3898 -1.6368 -2.1419 -0.6982 -1.5796 0.1543 -1.7173 -2.8018 0.7440 3.3725 -2.4581 0.8406 -3.2054 -3.4126 1.6009 -0.3363 -2.0496 2.0598 -0.5576 0.0013 1.1300 2.0407 -0.2191 -2.5397 -0.8120 -1.8091 -3.4121 0.2620 -1.0632 2.9757 -2.3469 1.3659 0.7754 0.6297 0.4131 -0.3741 0.5502 0.1007 -1.1172 -0.5214 0.4608 0.6833 -0.5597 1.0759 -0.4643 -0.7900 0.4295 -1.2528 
-0.3091 -1.6826 0.8256 -0.6818 0.5117 -2.4216 -1.6732 0.9095 -2.4908 0.1659 0.1114 1.1459 -0.4273 -0.4680 1.4546 -0.8643 -1.0009 -0.9581 -0.9534 -1.4432 0.2131 0.9703 -2.0982 -0.0573 -0.2676 0.4873 0.8560 -0.6735 -2.3418 2.0564 -0.5907 2.0142 0.8838 -0.6909 -0.9358 -1.4506 1.1018 -0.5751 -0.1033 0.6558 0.3835 -1.3856 -0.5923 0.2939 -1.6822 2.2730 0.0272 -1.8829 2.2729 -0.0891 
-0.8387 0.2687 2.0559 1.3877 1.7587 -1.3264 -0.0957 1.2212 -1.2745 -0.3597 -1.0092 1.1542 -1.1868 -0.2056 0.2541 -0.7378 -1.8297 -0.4314 -0.5589 -0.4345 -0.3329 -1.2562 0.4053 1.6218 -1.4592 0.0005 -1.1820 1.4301 0.0324 1.6456 0.8535 -1.6652 -1.2499 -0.1676 -0.1950 -0.1305 1.5039 -0.0957 0.5886 1.1060 -1.8009 1.1020 -0.0059 -0.0658 0.2543 -0.9583 0.4124 -1.0349 -1.2283 1.7653 
-1.3331 1.1213 1.1041 0.6010 -1.1558 -0.9293 0.3435 1.1023 -0.1311 0.9303 -0.9273 -2.3520 0.7826 0.3252 0.4355 -0.2199 0.5267 -0.5431 0.0543 0.7549 -0.1666 -0.9554 -0.8300 -0.5309 1.0875 -0.8387 -3.3485 0.3212 -1.8538 0.3201 0.2369 1.8686 0.1857 -0.2491 0.1161 0.0948 0.0691 1.2309 0.3895 -0.2537 -0.4998 0.8511 0.8524 -0.3820 -0.9997 -1.4502 -0.3911 -1.9743 -0.1945 -1.4892 

-0.0188
-0.0681
-0.0642
0.0856
0.0087
-0.0509
0.0827
0.0233
0.1502
-0.1710
0.0068
-0.0951
-0.1597
0.0210
0.0196
-0.0603
-0.1057
0.4224
-0.1908
-0.0283
0.1752
0.1477
-0.1337
0.1673
-0.1857
-0.0099
-0.1734
0.0637
-0.0859
-0.0636
0.0305
-0.0371
0.0275
0.0908
-0.0749
0.2599
0.0480
-0.1496
-0.1328
-0.1360
0.0966
-0.1215
-0.1751
-0.0420
-0.0305
0.0484
-0.0290
0.1190
-0.0890
-0.0406
-0.0571
-0.0130
-0.0323
-0.0104
-0.0157
0.0158
-0.0618
-0.0062
0.4568
0.7691
-0.2183
-0.0880
-0.1265
0.0808
0.0214
-0.0652
-0.0260
-0.0206
-0.0871
0.0317
-0.1393
-0.0186
0.2258
-0.0150
-0.1031
0.0258
0.0061
-0.0879
-0.3812
-0.1602
-0.0155
0.0126
0.0113
-0.1382
-0.1352
-0.0035
-0.1210
-0.1096
0.0416
-0.2766
0.0442
-0.0545
-0.0188
-0.0490
0.0064
0.0479
0.2909
0.0580
0.0204
0.0197
